342 283
342 283
341 281
341 281
341 281
341 283
342 285
343 289
344 295
345 302
347 304
350 309
353 311
353 317
356 323
360 327
363 334
364 333
368 344
369 345
373 353
374 361
382 375
386 390
387 396
391 403
393 416
402 440
412 467
-1 -1
-1 -1
-1 -1
-1 -1
-1 -1
-1 -1
-1 -1
-1 -1
-1 -1
-1 -1
-1 -1
-1 -1
-1 -1
-1 -1
-1 -1
-1 -1
-1 -1
-1 -1
-1 -1
-1 -1
-1 -1
-1 -1
-1 -1
-1 -1
-1 -1
-1 -1
-1 -1
-1 -1
-1 -1
-1 -1
-1 -1
-1 -1
-1 -1
-1 -1
526 270
480 286
454 320
442 341
432 313
424 298
414 290
415 290
403 306
400 306
392 291
386 289
383 295
378 290
377 289
376 283
377 280
375 276
-1 -1
-1 -1
-1 -1
-1 -1
-1 -1
-1 -1
-1 -1
351 264
347 270
346 278
346 278
347 286
345 284
345 287
345 287
345 290
345 291
344 292
342 302
340 301
339 308
337 310
337 311
333 316
331 317
328 321
327 325
324 328
324 331
318 336
315 339
311 344
304 342
302 349
299 355
290 363
282 374
280 377
266 386
257 393
249 400
237 416
218 432
203 440
181 460
-1 -1
-1 -1
-1 -1
-1 -1
-1 -1
-1 -1
-1 -1
-1 -1
-1 -1
-1 -1
-1 -1
-1 -1
-1 -1
-1 -1
-1 -1
205 467
234 440
262 422
284 404
287 402
302 384
312 379
322 369
327 359
332 352
339 347
343 343
343 341
347 335
350 332
352 329
352 324
353 322
354 320
355 320
356 317
356 317
356 312
357 309
356 308
356 307
356 307
355 304
354 302
353 300
352 300
350 298
350 298
348 298
348 297
346 295
346 295
344 295
342 294
339 293
338 293
336 292
336 290
333 291
333 292
333 292
-1 -1
-1 -1
-1 -1
348 283
348 285
349 285
350 286
350 286
350 286
353 283
357 287
357 297
359 294
360 297
362 299
364 303
364 303
367 307
367 310
370 312
372 318
373 321
375 323
374 327
374 327
377 331
378 337
379 340
382 344
380 348
380 351
380 355
380 361
380 370
380 370
381 379
381 381
379 393
378 400
375 410
372 420
367 435
363 448
353 465
-1 -1
-1 -1
-1 -1
-1 -1
-1 -1
-1 -1
-1 -1
-1 -1
-1 -1
-1 -1
-1 -1
-1 -1
-1 -1
