297 51
295 52
295 52
295 52
295 52
295 52
295 52
295 52
295 52
295 52
295 52
295 52
295 52
295 52
295 52
295 52
295 52
295 52
295 52
295 52
295 52
295 52
295 52
295 52
295 52
295 52
295 52
295 52
295 52
295 52
295 52
295 52
295 52
295 52
295 53
295 53
295 53
296 54
296 54
296 54
296 54
296 55
296 55
297 55
297 55
297 56
297 56
297 56
297 56
297 57
297 57
297 57
298 57
298 57
298 57
298 57
298 58
295 54
295 54
295 54
287 47
287 47
281 41
280 39
279 37
279 37
279 37
293 40
306 45
298 47
289 42
282 37
282 37
282 37
292 39
303 44
309 46
309 46
299 44
284 44
268 37
263 33
276 34
284 34
291 34
295 35
295 35
288 44
276 44
276 43
278 39
285 35
285 35
285 36
286 37
286 37
286 37
286 37
286 37
286 37
286 37
286 37
286 37
286 38
286 38
268 39
249 41
249 42
243 47
239 57
237 72
241 82
242 91
247 99
250 109
251 114
251 114
243 116
243 116
243 116
243 116
244 116
252 116
252 116
252 116
252 116
252 116
252 116
252 116
252 116
252 116
252 117
252 117
232 123
223 123
202 129
203 129
193 134
189 153
191 171
198 176
202 182
209 188
211 194
211 194
209 194
198 200
193 200
186 209
172 211
160 214
152 216
151 216
151 216
150 216
150 216
150 216
150 216
150 216
150 216
150 216
150 216
150 216
150 216
162 214
162 214
154 214
138 217
107 230
95 235
62 257
58 258
33 264
-1 -1
-1 -1
-1 -1
-1 -1
-1 -1
-1 -1
-1 -1
66 249
66 249
66 249
66 249
66 249
66 249
64 249
64 249
64 249
60 249
42 252
42 252
54 251
73 247
105 246
126 246
170 245
193 247
224 240
252 231
270 229
259 232
244 231
246 232
238 237
223 244
220 247
220 247
220 247
220 247
238 241
238 241
250 239
251 239
252 239
252 239
252 239
246 234
250 223
259 210
270 201
287 191
308 190
318 177
348 160
364 159
380 156
384 154
379 160
371 166
366 166
365 166
365 166
368 180
368 180
380 187
380 187
380 187
380 187
375 177
372 167
369 152
366 140
347 136
315 131
302 121
279 108
267 95
266 89
265 89
265 89
273 85
283 86
296 86
296 86
287 88
287 88
281 89
272 92
274 91
274 91
275 91
275 91
275 91
275 91
275 91
275 91
277 106
275 108
275 108
275 136
261 144
252 148
246 160
237 166
221 188
214 200
212 200
199 204
186 209
164 226
168 226
156 227
156 227
140 247
135 248
118 252
118 252
118 252
118 252
118 252
118 252
118 252
118 252
118 252
118 252
162 250
204 235
219 233
247 219
278 203
303 190
321 183
336 171
351 163
370 149
390 141
390 136
401 127
407 124
407 124
409 113
410 93
410 94
406 88
404 86
403 86
398 80
398 80
397 80
380 75
380 75
