342 281
342 284
340 283
340 282
341 282
342 283
343 286
342 289
344 296
345 302
346 303
349 308
352 309
354 317
358 324
361 327
363 334
363 334
367 344
368 344
372 356
375 362
380 372
384 385
388 396
390 404
394 416
403 439
-1 -1
-1 -1
-1 -1
-1 -1
-1 -1
-1 -1
-1 -1
-1 -1
-1 -1
-1 -1
-1 -1
-1 -1
-1 -1
-1 -1
-1 -1
-1 -1
-1 -1
-1 -1
-1 -1
-1 -1
-1 -1
-1 -1
-1 -1
-1 -1
-1 -1
-1 -1
-1 -1
-1 -1
-1 -1
-1 -1
-1 -1
-1 -1
-1 -1
-1 -1
-1 -1
526 272
482 285
454 320
442 340
432 313
424 298
414 289
414 289
404 304
399 305
390 291
-1 -1
-1 -1
-1 -1
-1 -1
-1 -1
-1 -1
-1 -1
-1 -1
-1 -1
-1 -1
-1 -1
-1 -1
-1 -1
-1 -1
-1 -1
347 271
347 280
346 279
345 285
345 287
345 288
345 288
345 289
345 293
345 292
342 302
341 304
339 307
336 314
336 312
334 315
332 319
330 320
326 325
324 328
323 331
320 337
315 343
313 343
306 345
304 347
299 354
291 363
281 376
280 375
267 384
261 390
250 401
234 415
220 431
203 439
183 456
-1 -1
-1 -1
-1 -1
-1 -1
-1 -1
-1 -1
-1 -1
-1 -1
-1 -1
-1 -1
-1 -1
-1 -1
-1 -1
-1 -1
-1 -1
-1 -1
-1 -1
263 420
285 403
288 401
305 382
310 380
322 366
328 360
335 355
339 350
343 340
347 338
348 337
350 334
352 330
353 324
355 319
355 319
356 318
356 317
356 316
357 313
356 310
356 309
356 307
356 307
355 306
354 304
354 303
354 300
351 299
351 298
349 297
348 296
348 294
345 295
343 293
341 293
339 293
338 293
-1 -1
-1 -1
-1 -1
-1 -1
-1 -1
-1 -1
-1 -1
-1 -1
-1 -1
-1 -1
-1 -1
-1 -1
-1 -1
-1 -1
-1 -1
-1 -1
-1 -1
359 296
360 298
362 300
363 301
365 304
365 305
367 310
368 311
372 318
373 318
376 326
378 327
378 328
377 334
379 336
379 340
379 341
381 347
381 351
381 355
381 364
381 364
381 374
381 374
381 381
379 397
377 402
375 413
372 423
367 432
360 450
-1 -1
-1 -1
-1 -1
-1 -1
-1 -1
-1 -1
-1 -1
-1 -1
-1 -1
-1 -1
-1 -1
-1 -1
-1 -1
-1 -1
