278 435
278 435
284 425
286 423
288 403
293 390
291 377
284 367
284 372
280 370
276 367
276 367
277 374
280 385
284 394
287 395
300 399
304 401
305 402
305 402
305 402
300 402
300 402
297 401
289 396
289 386
294 380
301 374
309 370
317 369
326 363
338 364
338 364
338 364
341 365
341 365
341 365
341 365
341 365
341 365
353 365
353 365
353 365
353 365
353 365
353 365
353 365
353 365
353 365
353 365
350 365
348 359
349 354
354 352
354 352
372 329
382 330
389 329
401 329
395 329
395 329
388 339
387 342
387 343
386 343
386 343
386 343
386 343
386 343
386 343
386 343
393 336
393 336
394 335
398 331
400 330
400 325
400 325
406 321
410 320
416 318
416 318
416 318
416 318
422 322
422 322
427 322
427 322
427 322
427 323
427 323
419 314
419 314
419 312
422 310
428 303
441 303
451 300
450 300
450 300
454 304
454 304
454 304
454 304
454 304
454 304
454 304
454 304
454 304
454 304
454 304
454 304
455 303
454 297
453 288
457 286
460 284
463 282
466 279
468 278
468 278
469 281
469 280
470 283
466 290
466 290
466 291
466 291
466 291
466 291
466 291
466 291
466 291
466 291
466 291
466 291
466 291
472 285
470 281
470 280
466 275
462 277
460 277
460 277
460 277
460 277
460 277
460 277
468 278
468 278
467 278
467 278
467 278
467 278
465 279
465 279
465 279
465 279
465 279
465 279
465 279
465 279
465 279
465 279
465 279
460 286
455 292
450 296
447 296
449 297
444 303
440 308
435 312
428 316
425 321
425 322
423 332
418 334
412 338
408 342
401 347
397 351
393 362
385 376
379 380
379 380
378 380
370 393
361 399
351 413
349 419
344 427
335 432
325 438
323 442
310 452
312 457
-1 -1
-1 -1
-1 -1
-1 -1
-1 -1
-1 -1
-1 -1
-1 -1
-1 -1
-1 -1
-1 -1
-1 -1
-1 -1
-1 -1
-1 -1
-1 -1
-1 -1
-1 -1
-1 -1
-1 -1
-1 -1
-1 -1
