343 445
343 445
343 445
343 445
343 445
343 445
343 445
343 445
343 445
343 445
343 445
343 445
343 445
343 445
343 445
343 445
343 445
343 445
343 445
343 445
343 445
343 445
343 445
343 445
343 445
343 445
343 445
343 445
343 445
343 445
343 445
343 445
343 445
343 445
343 445
343 445
343 445
343 445
343 445
343 445
343 445
343 445
343 445
343 445
343 445
343 445
343 445
343 445
343 445
343 445
343 445
343 445
343 445
343 445
343 445
343 445
343 445
343 445
343 445
343 445
343 445
343 445
343 445
343 445
343 445
343 445
343 445
343 445
333 432
331 431
315 421
303 402
301 386
310 371
324 360
336 349
344 340
343 339
343 341
337 346
329 350
322 359
316 370
306 376
299 383
297 390
294 389
293 390
293 390
288 392
288 392
288 392
292 390
291 390
291 390
291 390
291 390
296 386
298 382
300 377
300 371
301 364
299 359
299 358
299 358
297 353
297 346
298 345
298 338
297 335
297 331
296 329
293 334
292 337
290 339
289 342
290 346
290 348
290 348
290 348
289 351
284 351
284 351
284 351
284 351
281 352
281 352
281 352
281 352
281 352
281 352
281 352
281 352
281 352
281 352
281 352
281 352
278 348
273 344
269 334
267 326
268 324
271 315
277 310
279 308
279 308
276 309
273 310
270 310
267 310
265 311
265 311
265 318
265 319
267 321
269 323
269 325
265 326
263 324
261 324
259 325
257 325
256 325
256 325
256 325
256 325
256 325
258 326
258 326
260 327
260 327
260 327
260 327
260 327
263 326
263 326
263 326
262 320
261 316
262 311
267 307
274 301
282 297
287 294
294 294
296 293
301 290
301 290
301 290
297 296
290 300
290 300
282 298
278 298
275 299
277 302
277 303
277 305
277 306
277 308
276 310
275 311
275 311
274 309
274 309
274 309
274 309
274 309
274 309
274 309
274 309
274 309
274 305
273 300
270 295
270 287
271 283
274 280
276 280
280 281
284 284
286 284
288 289
284 294
278 298
280 298
274 301
272 303
271 303
271 303
268 303
268 303
268 303
268 303
268 303
268 303
268 303
268 303
268 303
268 303
268 303
268 306
268 310
268 314
268 316
267 320
265 320
264 324
265 327
265 330
265 332
265 337
266 343
266 343
267 351
267 355
268 360
268 366
269 368
270 374
271 379
271 380
271 387
273 395
276 403
277 409
277 410
281 415
283 421
283 421
283 421
283 428
283 428
285 432
288 439
288 439
290 442
297 448
302 452
310 457
315 456
323 458
324 459
329 461
332 462
332 462
332 462
328 463
322 464
314 465
314 465
314 465
314 465
314 465
314 465
314 465
